0.000000;0.013275;0.000002;0.000008;3.183264;2.449489742783177881335632264381274580955505371093750000000000;3.183263598326360188650596683146432042121887207031250000000000
0.000000;0.013346;0.000002;0.000003;3.140597;2.738612787525830594148601448978297412395477294921875000000000;3.140597029326060329879055643687024712562561035156250000000000
0.000000;0.013390;0.000002;0.000003;3.141592;2.922612986125030509754196827998384833335876464843750000000000;3.141591772182177777494871406815946102142333984375000000000000
0.000000;0.013432;0.000002;0.000003;3.141593;3.027297856657842789473988887039013206958770751953125000000000;3.141592653588602068737145600607618689537048339843750000000000
0.000000;0.013473;0.000002;0.000003;3.141593;3.083193020339453749301128482329659163951873779296875000000000;3.141592653589793115997963468544185161590576171875000000000000
0.000000;0.013520;0.000002;0.000004;3.141593;3.112073838611086884498035942669957876205444335937500000000000;3.141592653589793560087173318606801331043243408203125000000000
0.000000;0.013576;0.000003;0.000005;3.141593;3.126752789789005060328008767100982367992401123046875000000000;3.141592653589794004176383168669417500495910644531250000000000
0.000000;0.013654;0.000006;0.000008;3.141593;3.134152521771518706827919231727719306945800781250000000000000;3.141592653589794004176383168669417500495910644531250000000000
0.000000;0.013783;0.000013;0.000015;3.141593;3.137867527135598688659001709311269223690032958984375000000000;3.141592653589794004176383168669417500495910644531250000000000
0.000000;0.014002;0.000024;0.000026;3.141593;3.139728823916259958792807083227671682834625244140625000000000;3.141592653589794004176383168669417500495910644531250000000000
0.000000;0.014403;0.000048;0.000052;3.141593;3.140660421978311411805862007895484566688537597656250000000000;3.141592653589794004176383168669417500495910644531250000000000
0.000000;0.015153;0.000090;0.000093;3.141593;3.141126458570028034955612383782863616943359375000000000000000;3.141592653589794004176383168669417500495910644531250000000000
0.000000;0.016570;0.000180;0.000182;3.141593;3.141359536273864438982172941905446350574493408203125000000000;3.141592653589794004176383168669417500495910644531250000000000
0.000000;0.019410;0.000361;0.000358;3.141593;3.141476089980005159674192327656783163547515869140625000000000;3.141592653589794004176383168669417500495910644531250000000000
0.000000;0.024946;0.000717;0.000700;3.141593;3.141534370546904320065095816971734166145324707031250000000000;3.141592653589794004176383168669417500495910644531250000000000
0.000001;0.035672;0.001407;0.001386;3.141593;3.141563511758845184118627003044821321964263916015625000000000;3.141592653589794004176383168669417500495910644531250000000000
0.000001;0.057007;0.002815;0.002761;3.141593;3.141578082596945264981513901147991418838500976562500000000000;3.141592653589794004176383168669417500495910644531250000000000
0.000000;0.099877;0.005628;0.005560;3.141593;3.141585368074033102203657108475454151630401611328125000000000;3.141592653589794004176383168669417500495910644531250000000000
0.000000;0.184611;0.011256;0.011035;3.141593;3.141589010827093630950912483967840671539306640625000000000000;3.141592653589794004176383168669417500495910644531250000000000
0.000001;0.355788;0.022524;0.022325;3.141593;3.141590832207230121753127605188637971878051757812500000000000;3.141592653589794004176383168669417500495910644531250000000000
